0 
0 
0 
0 
0 
0 
0 
0 
0 
0 
0 
0 
0 
0 
0 
0 
0 
0 
0 
0 
0 
0 
0 
0 
0 
0 
0 
0 
0 
0 
0 
0 
0 
0 
0 
0 
0 
0 
0 
0 
0 
0 
0 
0 
0 
0 
0 
0 
0 
0 
0 
0 
0 
0 
0 
0 
0 
0 
0 
0 
0 
0 
0 
0 
0 
0 
0 
0 
0 
0 
0 
0 
0 
0 
0 
0 
0 
0 
0 
0 
0 
0 
0 
0 
0 
0 
0 
0 
0 
0 
0 
0 
0 
0 
0 
0 
0 
0 
0 
0 
2 
3 
0 
0 
0 
0 
0 
0 
0 
0 
0 
0 
0 
0 
0 
0 
0 
0 
0 
0 
0 
0 
0 
0 
0 
0 
0 
0 
0 
0 
0 
0 
0 
0 
0 
0 
0 
0 
0 
0 
0 
0 
0 
0 
0 
0 
0 
0 
0 
0 
0 
0 
0 
0 
0 
0 
0 
0 
0 
0 
0 
0 
0 
0 
0 
0 
0 
0 
0 
0 
0 
0 
0 
0 
0 
0 
0 
0 
0 
0 
0 
0 
0 
0 
0 
0 
0 
0 
0 
0 
0 
0 
0 
0 
0 
0 
0 
0 
0 
0 
0 
-15307 
19245 
-20414 
-25408 
-469 
-31981 
21153 
-3466 
-3414 
18899 
-12164 
26212 
15350 
-11444 
1322 
13305 
8476 
-6967 
18194 
2937 
22172 
19977 
26428 
-16118 
26005 
6968 
6280 
-29896 
-7809 
6783 
-22872 
21065 
28255 
18439 
-7158 
12917 
-20460 
-7371 
-31298 
23328 
-26365 
27706 
22569 
8994 
-15938 
-24672 
-22556 
24743 
-26163 
14120 
13180 
21183 
-30678 
28022 
-27165 
21891 
11684 
-26974 
17588 
-30082 
5727 
-4916 
1904 
19996 
10002 
18150 
-20569 
-12383 
6484 
-2922 
31639 
3090 
-28756 
19208 
14113 
28311 
-17539 
-1885 
26206 
-20804 
31837 
-4523 
-4285 
2163 
-3236 
-1521 
-4473 
-23827 
27382 
23846 
-21820 
3437 
-21834 
-31145 
-30475 
29372 
-11624 
-16580 
-10143 
-27890 
0 
0 
0 
0 
0 
0 
0 
0 
0 
0 
0 
0 
0 
0 
0 
0 
0 
0 
0 
0 
0 
0 
0 
0 
0 
0 
0 
0 
0 
0 
0 
0 
0 
0 
0 
0 
0 
0 
0 
0 
0 
0 
0 
0 
0 
0 
0 
0 
0 
0 
0 
0 
0 
0 
0 
0 
0 
0 
0 
0 
0 
0 
0 
0 
0 
0 
0 
0 
0 
0 
0 
0 
0 
0 
0 
0 
0 
0 
0 
0 
0 
0 
0 
0 
0 
0 
0 
0 
0 
0 
0 
0 
0 
0 
0 
0 
0 
0 
0 
0 
