     126366
     125342
     124318
     123294
     122270
     121246
     120222
     119198
     118174
     117150
     116126
     115102
     114078
     113054
     112030
     111006
     109982
     108958
     107934
     106910
     105886
     104862
     103838
     102814
     101790
     100766
      99742
      98718
      97694
      96670
      95646
      94622
      93598
      92574
      91550
      90526
      89502
      88478
      87454
      86430
      85406
      84382
      83358
      82334
      81310
      80286
      79262
      78238
      77214
      76190
      75166
      74142
      73118
      72094
      71070
      70046
      69022
      67998
      66974
      65950
      64926
      63902
      62878
      61854
