            0
            0
       -46746
      -137964
      -178758
       -97170
        71958
       203970
       225504
       169128
        97170
       -15582
      -215874
      -445056
      -511062
      -275928
       169128
       583020
       783312
       711354
       388680
      -159498
      -830058
     -1350750
     -1360380
      -705402
       410214
      1519878
      2149644
      2005728
      1037706
      -554130
     -2268348
     -3403224
     -3294150
     -1702314
       948762
      3706638
      5440116
      5265036
      2862402
     -1330086
     -6115224
     -9694932
    -10176234
     -6333036
      1821354
     12943542
     24783036
     34736910
     40486392
     40567980
     34868922
     24783036
     12811530
      1739766
     -6251448
    -10044222
     -9694932
     -6247236
     -1411674
      2943990
      5397048
      5440116
      3574626
       867174
     -1620726
     -3162138
     -3403224
     -2400360
      -635718
      1119294
      2137740
      2149644
      1387866
       328626
      -623814
     -1228368
     -1350750
      -962070
      -241086
       470268
       843366
       783312
       451008
        87540
      -194340
      -379050
      -445056
      -347886
       -97170
       178758
       301140
       225504
        71958
        -9630
       -15582
       -46746
      -137964
      -178758
       -81588
        81588
       132012
            0
      -132012
       -81588
        81588
       132012
            0
      -132012
       -81588
        81588
       132012
            0
      -132012
       -81588
        81588
       132012
            0
      -132012
       -81588
        81588
       132012
            0
      -132012
       -81588
        81588
       132012
            0
      -132012
       -81588
        81588
       132012
            0
      -132012
       -81588
        81588
       132012
            0
      -132012
       -81588
        81588
       132012
            0
      -132012
       -81588
        81588
       132012
            0
      -132012
       -81588
        81588
       132012
            0
      -132012
       -81588
        81588
       132012
            0
      -132012
       -81588
        81588
       132012
            0
      -132012
       -81588
        81588
       132012
            0
      -132012
       -81588
        81588
       132012
            0
      -132012
       -81588
        81588
       132012
            0
      -132012
       -81588
        81588
       132012
            0
      -132012
       -81588
        81588
       132012
            0
      -132012
       -81588
        81588
       132012
            0
      -132012
       -81588
        81588
       132012
            0
      -132012
       -81588
        81588
       132012
            0
      -132012
       -81588
        81588
       132012
            0
      -132012
       -81588
        81588
       132012
            0
      -132012
       -81588
        81588
       132012
            0
      -132012
       -81588
        81588
       132012
            0
      -132012
       -81588
        81588
       132012
            0
      -132012
       -81588
        81588
       132012
            0
      -132012
       -81588
        81588
       132012
            0
      -132012
       -81588
        81588
       132012
            0
      -132012
       -81588
        81588
       132012
            0
      -132012
       -81588
        81588
       132012
            0
      -132012
       -81588
        81588
       132012
            0
      -132012
       -81588
        81588
       132012
            0
      -132012
       -81588
        81588
       132012
            0
      -132012
       -81588
        81588
       132012
            0
      -132012
       -81588
        81588
       132012
            0
      -132012
       -81588
        81588
       132012
            0
      -132012
       -81588
        81588
       132012
            0
      -132012
       -81588
        81588
       132012
            0
      -132012
       -81588
        81588
       132012
            0
      -132012
       -81588
        81588
       132012
            0
      -132012
       -81588
        81588
       132012
            0
      -132012
       -81588
        81588
       132012
            0
      -132012
       -81588
        81588
       132012
            0
      -132012
       -81588
        81588
       132012
            0
      -132012
       -81588
        81588
       132012
            0
      -132012
       -81588
        81588
       132012
            0
      -132012
       -81588
        81588
       132012
            0
      -132012
       -81588
        81588
       132012
            0
      -132012
       -81588
        81588
       132012
            0
      -132012
       -81588
        81588
       132012
            0
      -132012
       -81588
        81588
       132012
            0
      -132012
       -81588
        81588
       132012
            0
      -132012
       -81588
        81588
       132012
            0
      -132012
       -81588
        81588
       132012
            0
      -132012
       -81588
        81588
       132012
            0
      -132012
       -81588
        81588
       132012
            0
      -132012
       -81588
        81588
       132012
            0
      -132012
       -81588
        81588
       132012
            0
      -132012
       -81588
        81588
       132012
            0
      -132012
       -81588
        81588
       132012
            0
      -132012
       -81588
        81588
       132012
            0
      -132012
       -81588
        81588
       132012
            0
      -132012
       -81588
        81588
       132012
            0
      -132012
       -81588
        81588
       132012
            0
      -132012
       -81588
        81588
       132012
            0
      -132012
       -81588
        81588
       132012
            0
      -132012
       -81588
        81588
       132012
            0
      -132012
       -81588
        81588
       132012
            0
      -132012
       -81588
        81588
       132012
            0
      -132012
       -81588
        81588
       132012
            0
      -132012
       -81588
        81588
       132012
            0
      -132012
       -81588
        81588
       132012
            0
      -132012
       -81588
        81588
       132012
            0
      -132012
       -81588
        81588
       132012
            0
      -132012
       -81588
        81588
       132012
            0
      -132012
       -81588
        81588
       132012
            0
      -132012
       -81588
        81588
       132012
            0
      -132012
       -81588
        81588
       132012
            0
      -132012
       -81588
        81588
       132012
            0
      -132012
       -81588
        81588
       132012
            0
      -132012
       -81588
        81588
       132012
            0
      -132012
       -81588
        81588
       132012
            0
      -132012
       -81588
        81588
       132012
            0
      -132012
       -81588
        81588
       132012
            0
      -132012
       -81588
        81588
       132012
            0
      -132012
       -81588
        81588
       132012
            0
      -132012
       -81588
        81588
       132012
            0
      -132012
       -81588
        81588
       132012
            0
      -132012
       -81588
        81588
       132012
            0
      -132012
       -81588
        81588
       132012
            0
      -132012
       -81588
        81588
       132012
            0
      -132012
       -81588
        81588
       132012
            0
      -132012
       -81588
        81588
       132012
            0
      -132012
       -81588
        81588
       132012
            0
      -132012
       -81588
        81588
       132012
            0
      -132012
       -81588
        81588
       132012
            0
      -132012
       -81588
        81588
       132012
            0
      -132012
       -81588
        81588
       132012
            0
      -132012
       -81588
        81588
       132012
            0
      -132012
       -81588
        81588
       132012
            0
      -132012
       -81588
        81588
       132012
            0
      -132012
       -81588
        81588
       132012
            0
      -132012
       -81588
        81588
       132012
            0
      -132012
       -81588
        81588
       132012
            0
      -132012
       -81588
        81588
       132012
            0
      -132012
       -81588
        81588
       132012
            0
      -132012
       -81588
        81588
       132012
            0
      -132012
       -81588
        81588
       132012
            0
      -132012
       -81588
        81588
       132012
            0
      -132012
       -81588
        81588
       132012
            0
      -132012
       -81588
        81588
       132012
            0
      -132012
       -81588
        81588
       132012
            0
      -132012
       -81588
        81588
       132012
            0
      -132012
       -81588
        81588
       132012
            0
      -132012
       -81588
        81588
       132012
            0
      -132012
       -81588
        81588
       132012
            0
      -132012
       -81588
        81588
       132012
            0
      -132012
       -81588
        81588
       132012
            0
      -132012
       -81588
        81588
       132012
            0
      -132012
       -81588
        81588
       132012
            0
      -132012
       -81588
        81588
       132012
            0
      -132012
       -81588
        81588
       132012
            0
      -132012
       -81588
        81588
       132012
            0
      -132012
       -81588
        81588
       132012
            0
      -132012
       -81588
        81588
       132012
            0
      -132012
       -81588
        81588
       132012
            0
      -132012
       -81588
        81588
       132012
            0
      -132012
       -81588
        81588
       132012
            0
      -132012
       -81588
        81588
       132012
            0
      -132012
       -81588
        81588
       132012
            0
      -132012
       -81588
        81588
       132012
            0
      -132012
       -81588
        81588
       132012
            0
      -132012
       -81588
        81588
       132012
            0
      -132012
       -81588
        81588
       132012
            0
      -132012
       -81588
        81588
       132012
            0
      -132012
       -81588
        81588
       132012
            0
      -132012
       -81588
        81588
       132012
            0
      -132012
       -81588
        81588
       132012
            0
      -132012
       -81588
        81588
       132012
            0
      -132012
       -81588
        81588
       132012
            0
      -132012
       -81588
        81588
       132012
            0
      -132012
       -81588
        81588
       132012
            0
      -132012
       -81588
        81588
       132012
            0
      -132012
       -81588
        81588
       132012
            0
      -132012
       -81588
        81588
       132012
            0
      -132012
       -81588
        81588
       132012
            0
      -132012
       -81588
        81588
       132012
            0
      -132012
       -81588
        81588
       132012
            0
      -132012
       -81588
        81588
       132012
            0
      -132012
       -81588
        81588
       132012
            0
      -132012
       -81588
        81588
       132012
            0
      -132012
       -81588
        81588
       132012
            0
      -132012
       -81588
        81588
       132012
            0
      -132012
       -81588
        81588
       132012
            0
      -132012
       -81588
        81588
       132012
            0
      -132012
       -81588
        81588
       132012
            0
      -132012
       -81588
        81588
       132012
            0
      -132012
       -81588
        81588
       132012
            0
      -132012
       -81588
        81588
       132012
            0
      -132012
       -81588
        81588
       132012
            0
      -132012
       -81588
        81588
       132012
            0
      -132012
       -81588
        81588
       132012
            0
      -132012
       -81588
        81588
       132012
            0
      -132012
       -81588
        81588
       132012
            0
      -132012
       -81588
        81588
       132012
            0
      -132012
       -81588
        81588
       132012
            0
      -132012
       -81588
        81588
       132012
            0
      -132012
       -81588
        81588
       132012
            0
      -132012
       -81588
        81588
       132012
            0
      -132012
       -81588
        81588
       132012
            0
      -132012
       -81588
        81588
       132012
            0
      -132012
       -81588
        81588
       132012
            0
      -132012
       -81588
        81588
       132012
            0
      -132012
       -81588
        81588
       132012
            0
      -132012
       -81588
        81588
       132012
            0
      -132012
       -81588
        81588
       132012
            0
      -132012
       -81588
        81588
       132012
            0
      -132012
       -81588
        81588
       132012
            0
      -132012
       -81588
        81588
       132012
            0
      -132012
       -81588
        81588
       178758
       137964
        46746
        15582
         9630
       -71958
      -225504
      -301140
      -178758
        97170
       347886
       445056
       379050
       194340
       -87540
      -451008
      -783312
      -843366
      -470268
       241086
       962070
      1350750
      1228368
       623814
      -328626
     -1387866
     -2149644
     -2137740
     -1119294
       635718
      2400360
      3403224
      3162138
      1620726
      -867174
     -3574626
     -5440116
     -5397048
     -2943990
      1411674
      6247236
      9694932
     10044222
      6251448
     -1739766
    -12811530
    -24783036
    -34868922
    -40567980
    -40486392
    -34736910
    -24783036
    -12943542
     -1821354
      6333036
     10176234
      9694932
      6115224
      1330086
     -2862402
     -5265036
     -5440116
     -3706638
      -948762
      1702314
      3294150
      3403224
      2268348
       554130
     -1037706
     -2005728
     -2149644
     -1519878
      -410214
       705402
      1360380
      1350750
       830058
       159498
      -388680
      -711354
      -783312
      -583020
      -169128
       275928
       511062
       445056
       215874
        15582
       -97170
      -169128
      -225504
      -203970
       -71958
        97170
       178758
       137964
